5.21875
4.875
5.375
6.25
6.5625
6.625
5.375
5.34375
5.8125
6.3125
6.5
7.28125
7.28125
8.84375
8.0
8.03125
8.09375
8.28125
8.4375
9.21875
8.9375
9.8125
8.96875
9.875
8.5625
9.25
9.9375
9.28125
10.5625
9.53125
9.09375
10.375
9.21875
10.4375
9.53125
8.59375
9.1875
9.5625
9.25
10.375
9.5625
10.25
9.25
10.34375
8.84375
8.40625
10.25
11.34375
8.96875
9.96875
10.75
9.0
9.40625
10.625
10.15625
8.875
10.46875
9.3125
10.9375
10.84375
11.0
11.0
10.75
10.5625
9.78125
10.90625
11.78125
11.21875
11.375
11.90625
11.65625
10.5625
12.125
11.3125
12.09375
11.78125
12.0625
12.6875
11.78125
11.4375
11.21875
11.78125
11.625
12.25
11.34375
11.90625
10.875
10.53125
11.40625
11.46875
12.0625
12.6875
12.46875
13.21875
11.46875
13.84375
12.3125
12.40625
13.0
12.6875
11.6875
10.5625
11.3125
12.03125
12.3125
13.34375
12.8125
14.8125
12.6875
12.53125
13.375
12.34375
12.84375
12.0
12.09375
12.78125
13.21875
13.34375
13.65625
11.875
12.28125
13.5625
12.65625
13.59375
13.1875
13.5625
12.6875
13.125
12.96875
13.34375
13.8125
13.875
14.34375
14.59375
12.375
12.96875
14.84375
13.3125
13.71875
12.28125
12.34375
13.0
15.625
14.6875
14.0625
13.84375
13.71875
12.96875
14.5
14.90625
13.3125
13.28125
13.9375
14.0
14.375
15.4375
13.96875
14.78125
14.59375
14.59375
15.21875
14.28125
13.9375
14.25
13.8125
14.09375
13.375
12.25
13.15625
11.84375
13.53125
13.375
14.65625
13.8125
14.21875
13.625
12.71875
14.0625
12.8125
13.625
13.625
13.875
12.625
14.3125
12.9375
14.21875
13.09375
13.4375
14.75
13.75
13.65625
12.78125
12.4375
14.0
12.875
13.09375
12.96875
14.09375
15.46875
14.09375
14.25
13.6875
14.875
13.5625
12.75
10.65625
12.625
14.0
13.875
12.59375
12.59375
13.625
13.5
15.3125
14.46875
13.8125
14.0
13.3125
11.53125
14.28125
16.0625
14.03125
13.625
14.65625
14.84375
13.375
13.1875
14.625
14.4375
14.03125
13.5625
14.9375
14.6875
15.21875
14.0625
14.4375
13.96875
15.5
14.34375
16.6875
15.28125
13.65625
13.1875
14.78125
15.28125
13.75
14.5625
14.84375
14.53125
14.65625
14.5625
14.59375
15.1875
14.25
14.90625
14.875
15.625
15.875
14.65625
15.125
15.3125
14.34375
15.65625
15.65625
16.4375
16.0
14.71875
14.5
15.71875
15.5625
16.21875
14.3125
15.15625
13.21875
15.90625
16.125
14.96875
16.71875
14.6875
14.34375
16.21875
16.28125
15.0625
15.40625
14.8125
14.6875
14.90625
15.21875
15.90625
14.65625
15.5
17.0
15.5625
15.40625
17.34375
15.375
17.125
16.25
17.8125
16.03125
13.625
15.0
15.6875
14.1875
15.3125
15.9375
17.34375
16.71875
15.0625
16.21875
16.09375
16.5
14.84375
15.40625
17.125
14.375
16.46875
15.09375
15.25
17.09375
14.5
15.4375
15.03125
15.28125
14.6875
15.15625
15.90625
15.3125
14.96875
15.46875
15.09375
13.03125
16.1875
16.28125
14.8125
16.09375
16.28125
15.65625
15.65625
16.0
15.875
15.4375
15.6875
16.34375
14.9375
14.84375
15.3125
14.59375
14.34375
15.8125
16.15625
16.34375
15.9375
13.90625
14.8125
16.4375
15.75
17.40625
16.25
15.90625
14.375
16.5625
15.40625
15.5
17.3125
15.5625
15.125
16.34375
14.875
16.53125
15.5
16.3125
16.21875
15.8125
16.84375
17.71875
17.75
14.65625
15.46875
15.71875
15.71875
16.65625
15.75
15.15625
17.90625
16.8125
16.625
16.0
17.5
16.8125
15.21875
17.71875
15.0
15.09375
17.40625
16.96875
17.09375
15.3125
15.71875
17.125
17.34375
16.0
16.0625
16.6875
16.1875
17.65625
17.03125
16.0625
16.53125
15.125
17.125
18.15625
15.8125
16.625
17.5
15.8125
15.8125
18.65625
17.59375
17.15625
16.90625
16.59375
16.09375
17.125
17.84375
16.03125
15.59375
16.6875
16.9375
17.5625
16.8125
16.59375
16.28125
15.96875
16.5625
18.46875
17.1875
17.0
17.09375
15.71875
16.15625
15.6875
15.9375
16.46875
16.375
17.34375
16.03125
16.375
16.625
16.21875
14.9375
17.875
15.90625
16.3125
15.53125
15.59375
16.625
15.28125
16.3125
18.5
15.78125
15.5
13.875
16.375
16.84375
14.53125
15.25
15.40625
17.09375
15.5
14.6875
17.78125
15.625
16.09375
17.625
18.3125
15.40625
15.5625
17.375
16.0
16.78125
15.5
17.125
15.5
15.28125
15.4375
16.21875
15.53125
15.90625
16.53125
17.25
17.03125
15.90625
17.34375
16.71875
17.25
16.21875
18.40625
17.03125
16.09375
15.40625
15.1875
14.5
16.625
16.1875
16.5
16.96875
16.1875
16.71875
14.25
16.6875
17.03125
16.90625
16.34375
16.96875
16.96875
16.0
16.3125
18.53125
18.96875
15.78125
16.125
17.1875
17.3125
15.4375
17.65625
17.15625
16.6875
17.59375
16.65625
16.96875
16.4375
16.375
16.65625
16.03125
16.28125
16.40625
16.25
16.0
15.84375
15.96875
16.78125
16.0
16.1875
16.40625
16.65625
17.21875
17.34375
15.6875
17.0625
16.1875
17.3125
16.875
16.21875
17.09375
16.09375
14.78125
16.0
16.125
15.875
16.65625
16.96875
15.28125
15.78125
18.1875
15.5
17.59375
17.25
14.3125
15.9375
14.5
18.4375
16.28125
17.28125
16.5
15.875
16.53125
16.34375
17.0
17.40625
15.34375
17.0
17.25
18.5625
16.90625
17.3125
16.40625
17.4375
16.28125
16.21875
17.46875
17.03125
17.125
15.8125
18.34375
17.8125
16.1875
17.1875
16.09375
17.28125
16.8125
17.125
17.15625
17.53125
16.3125
16.625
16.4375
16.375
15.59375
17.375
17.5
17.84375
15.65625
16.46875
16.59375
14.75
17.46875
15.59375
16.0625
17.1875
17.09375
16.21875
17.40625
16.875
17.0
15.125
17.21875
17.25
16.90625
16.0625
16.09375
16.875
16.96875
16.96875
15.90625
17.15625
16.625
16.6875
17.0
18.9375
17.0625
17.875
17.125
17.6875
16.625
17.6875
17.34375
17.15625
16.96875
16.5625
16.40625
17.71875
17.5
18.90625
16.78125
15.8125
18.625
18.1875
16.46875
14.6875
16.4375
16.375
17.03125
18.875
17.71875
17.71875
17.09375
16.53125
18.125
18.46875
17.625
16.375
14.9375
17.03125
17.78125
17.375
16.375
17.46875
17.8125
18.4375
17.84375
16.90625
16.5
17.125
17.84375
17.125
17.375
16.6875
17.1875
15.03125
19.53125
18.0
18.34375
16.71875
17.3125
16.5625
16.59375
16.0
18.0625
17.59375
16.15625
17.28125
17.3125
18.03125
17.1875
17.6875
16.9375
16.75
17.65625
17.75
17.15625
19.21875
16.96875
17.6875
17.15625
17.40625
16.375
16.46875
18.34375
19.0
18.84375
17.21875
19.0
17.84375
18.4375
17.3125
16.5
16.21875
18.75
18.40625
18.1875
18.28125
18.25
15.9375
18.1875
16.75
17.65625
18.875
17.46875
17.09375
16.3125
18.84375
16.1875
17.875
18.84375
16.375
17.8125
16.1875
17.78125
18.0
18.25
17.28125
18.6875
16.34375
17.6875
17.375
20.09375
17.78125
19.1875
17.625
18.4375
17.59375
16.3125
18.03125
17.0
18.78125
18.0
17.5
18.375
16.1875
17.0625
18.34375
19.875
17.90625
17.09375
18.65625
16.8125
17.34375
17.8125
16.96875
18.625
15.46875
17.125
16.875
16.5625
16.40625
17.5
18.4375
16.84375
17.03125
17.5
16.9375
17.3125
17.78125
17.84375
17.875
16.21875
16.6875
16.71875
17.6875
17.90625
16.40625
17.53125
16.4375
17.59375
16.46875
17.625
16.3125
15.71875
18.8125
17.5
19.1875
16.5
18.28125
16.03125
21.15625
15.96875
17.3125
18.03125
16.75
17.78125
17.59375
18.90625
17.5625
18.28125
16.9375
18.34375
17.5
16.875
18.21875
16.6875
17.6875
16.96875
18.03125
17.46875
18.75
17.9375
16.15625
17.3125
16.78125
18.375
18.53125
17.34375
19.0625
17.3125
19.125
18.53125
18.125
16.9375
18.78125
17.25
17.90625
17.84375
18.3125
18.65625
17.4375
17.84375
16.65625
18.34375
18.625
17.90625
15.0625
17.9375
17.75
18.25
18.90625
18.4375
19.53125
18.5625
16.84375
19.1875
17.5625
17.3125
18.65625
17.0
17.6875
17.53125
18.25
17.78125
17.65625
18.5
17.75
18.5
17.5625
17.15625
18.46875
17.09375
17.78125
18.15625
16.96875
16.09375
18.90625
15.21875
18.5
17.375
18.3125
17.125
19.0
17.5625
17.25
19.71875
19.78125
18.3125
17.8125
16.9375
18.75
17.625
17.1875
18.4375
17.59375
17.9375
17.28125
17.53125
15.53125
18.125
18.875
16.53125
16.75
18.59375
17.46875
18.21875
18.84375
17.5625
16.25
18.75
16.4375
18.4375
17.78125
17.1875
18.0
18.0
18.625
18.40625
18.0
17.875
18.53125
17.8125
18.9375
17.3125
16.90625
17.96875
19.5
19.03125
17.875
18.09375
18.1875
16.84375
18.90625
17.28125
17.46875
18.5625
18.46875
17.84375
19.1875
18.96875
17.5625
18.65625
16.84375
19.125
17.375
18.53125
17.84375
18.75
19.4375
18.375
18.15625
18.625
18.9375
17.34375
17.96875
18.3125
19.6875
18.78125
18.25
18.90625
18.03125
18.0
17.71875
17.34375
17.5
19.96875
18.5625
17.5
16.90625
16.0625
19.15625
18.53125
17.5
16.8125
18.78125
17.4375
16.65625
18.34375
18.96875
17.9375
16.8125
18.21875
18.0625
19.5
18.6875
16.8125
17.40625
17.4375
18.0
19.0625
16.5625
16.71875
17.0625
16.03125
18.3125
17.46875
19.6875
19.75
16.53125
17.78125
19.375
16.21875
19.5
17.5625
17.90625
17.03125
18.65625
17.875
17.1875
17.5625
15.875
18.4375
15.65625
17.21875
18.40625
17.40625
18.9375
18.0625
17.6875
17.96875
16.78125
18.84375
17.8125
17.25
17.5625
18.34375
16.53125
17.28125
16.90625
18.0
16.90625
16.8125
15.53125
15.34375
17.28125
18.03125
16.4375
18.3125
18.5
18.25
18.5625
17.9375
17.78125
17.71875
18.875
16.34375
17.84375
17.9375
18.34375
15.75
16.6875
19.1875
16.15625
18.03125
16.5625
17.5625
18.65625
17.5
18.09375
16.78125
18.6875
18.59375
17.1875
19.625
16.8125
19.09375
18.9375
19.3125
20.21875
18.28125
18.84375
17.84375
17.3125
17.84375
17.0
17.75
16.0
17.25
16.90625
18.46875
18.4375
18.65625
17.28125
19.0
17.84375
18.53125
17.25
17.875
19.125
19.96875
18.3125
16.34375
18.28125
18.25
17.09375
16.71875
17.96875
17.25
16.84375
17.84375
19.21875
18.9375
17.6875
18.25
19.40625
19.3125
17.53125
16.53125
16.09375
18.5625
17.53125
18.09375
17.375
17.4375
17.21875
18.03125
18.03125
20.25
16.875
18.9375
17.53125
17.71875
19.5625
17.8125
16.53125
17.375
19.5625
18.71875
18.53125
17.6875
18.90625
18.53125
18.78125
19.6875
18.3125
16.09375
15.90625
17.3125
17.40625
17.375
15.59375
18.46875
17.15625
18.03125
17.375
18.0625
17.34375
17.46875
16.9375
19.59375
16.9375
17.09375
16.28125
17.25
18.375
16.625
17.28125
17.0625
17.4375
18.34375
19.1875
17.84375
17.78125
18.875
17.78125
19.40625
17.375
16.5625
18.125
17.625
18.375
20.15625
16.84375
18.53125
18.875
18.5625
17.34375
18.125
16.5625
18.46875
17.90625
18.5625
18.84375
16.9375
19.6875
17.59375
17.78125
17.84375
17.4375
16.5
17.78125
17.59375
18.28125
19.6875
18.28125
16.8125
16.78125
18.28125
17.15625
18.0
17.375
17.65625
16.65625
18.03125
17.0625
19.34375